78.44
78.43389831
78.42779661
78.42169492
78.41559322
78.40949153
78.40338983
78.39728814
78.39118644
78.38508475
78.37898305
78.37288136
78.36677966
78.36067797
78.35457627
78.34847458
78.34237288
78.33627119
78.33016949
78.3240678
78.3179661
78.31186441
78.30576271
78.29966102
78.29355932
78.28745763
78.28135593
78.27525424
78.26915254
78.26305085
78.25694915
78.25084746
78.24474576
78.23864407
78.23254237
78.22644068
78.22033898
78.21423729
78.20813559
78.2020339
78.1959322
78.18983051
78.18372881
78.17762712
78.17152542
78.16542373
78.15932203
78.15322034
78.14711864
78.14101695
78.13491525
78.12881356
78.12271186
78.11661017
78.11050847
78.10440678
78.09830508
78.09220339
78.08610169
78.08
78.08
78.07084746
78.06169492
78.05254237
78.04338983
78.03423729
78.02508475
78.0159322
78.00677966
77.99762712
77.98847458
77.97932203
77.97016949
77.96101695
77.95186441
77.94271186
77.93355932
77.92440678
77.91525424
77.90610169
77.89694915
77.88779661
77.87864407
77.86949153
77.86033898
77.85118644
77.8420339
77.83288136
77.82372881
77.81457627
77.80542373
77.79627119
77.78711864
77.7779661
77.76881356
77.75966102
77.75050847
77.74135593
77.73220339
77.72305085
77.71389831
77.70474576
77.69559322
77.68644068
77.67728814
77.66813559
77.65898305
77.64983051
77.64067797
77.63152542
77.62237288
77.61322034
77.6040678
77.59491525
77.58576271
77.57661017
77.56745763
77.55830508
77.54915254
77.54
77.54
77.53084746
77.52169492
77.51254237
77.50338983
77.49423729
77.48508475
77.4759322
77.46677966
77.45762712
77.44847458
77.43932203
77.43016949
77.42101695
77.41186441
77.40271186
77.39355932
77.38440678
77.37525424
77.36610169
77.35694915
77.34779661
77.33864407
77.32949153
77.32033898
77.31118644
77.3020339
77.29288136
77.28372881
77.27457627
77.26542373
77.25627119
77.24711864
77.2379661
77.22881356
77.21966102
77.21050847
77.20135593
77.19220339
77.18305085
77.17389831
77.16474576
77.15559322
77.14644068
77.13728814
77.12813559
77.11898305
77.10983051
77.10067797
77.09152542
77.08237288
77.07322034
77.0640678
77.05491525
77.04576271
77.03661017
77.02745763
77.01830508
77.00915254
77
77
76.99694915
76.99389831
76.99084746
76.98779661
76.98474576
76.98169492
76.97864407
76.97559322
76.97254237
76.96949153
76.96644068
76.96338983
76.96033898
76.95728814
76.95423729
76.95118644
76.94813559
76.94508475
76.9420339
76.93898305
76.9359322
76.93288136
76.92983051
76.92677966
76.92372881
76.92067797
76.91762712
76.91457627
76.91152542
76.90847458
76.90542373
76.90237288
76.89932203
76.89627119
76.89322034
76.89016949
76.88711864
76.8840678
76.88101695
76.8779661
76.87491525
76.87186441
76.86881356
76.86576271
76.86271186
76.85966102
76.85661017
76.85355932
76.85050847
76.84745763
76.84440678
76.84135593
76.83830508
76.83525424
76.83220339
76.82915254
76.82610169
76.82305085
76.82
76.82
76.81694915
76.81389831
76.81084746
76.80779661
76.80474576
76.80169492
76.79864407
76.79559322
76.79254237
76.78949153
76.78644068
76.78338983
76.78033898
76.77728814
76.77423729
76.77118644
76.76813559
76.76508475
76.7620339
76.75898305
76.7559322
76.75288136
76.74983051
76.74677966
76.74372881
76.74067797
76.73762712
76.73457627
76.73152542
76.72847458
76.72542373
76.72237288
76.71932203
76.71627119
76.71322034
76.71016949
76.70711864
76.7040678
76.70101695
76.6979661
76.69491525
76.69186441
76.68881356
76.68576271
76.68271186
76.67966102
76.67661017
76.67355932
76.67050847
76.66745763
76.66440678
76.66135593
76.65830508
76.65525424
76.65220339
76.64915254
76.64610169
76.64305085
76.64
76.64
76.63694915
76.63389831
76.63084746
76.62779661
76.62474576
76.62169492
76.61864407
76.61559322
76.61254237
76.60949153
76.60644068
76.60338983
76.60033898
76.59728814
76.59423729
76.59118644
76.58813559
76.58508475
76.5820339
76.57898305
76.5759322
76.57288136
76.56983051
76.56677966
76.56372881
76.56067797
76.55762712
76.55457627
76.55152542
76.54847458
76.54542373
76.54237288
76.53932203
76.53627119
76.53322034
76.53016949
76.52711864
76.5240678
76.52101695
76.5179661
76.51491525
76.51186441
76.50881356
76.50576271
76.50271186
76.49966102
76.49661017
76.49355932
76.49050847
76.48745763
76.48440678
76.48135593
76.47830508
76.47525424
76.47220339
76.46915254
76.46610169
76.46305085
76.46
76.46
76.45694915
76.45389831
76.45084746
76.44779661
76.44474576
76.44169492
76.43864407
76.43559322
76.43254237
76.42949153
76.42644068
76.42338983
76.42033898
76.41728814
76.41423729
76.41118644
76.40813559
76.40508475
76.4020339
76.39898305
76.3959322
76.39288136
76.38983051
76.38677966
76.38372881
76.38067797
76.37762712
76.37457627
76.37152542
76.36847458
76.36542373
76.36237288
76.35932203
76.35627119
76.35322034
76.35016949
76.34711864
76.3440678
76.34101695
76.3379661
76.33491525
76.33186441
76.32881356
76.32576271
76.32271186
76.31966102
76.31661017
76.31355932
76.31050847
76.30745763
76.30440678
76.30135593
76.29830508
76.29525424
76.29220339
76.28915254
76.28610169
76.28305085
76.28
76.28
76.27694915
76.27389831
76.27084746
76.26779661
76.26474576
76.26169492
76.25864407
76.25559322
76.25254237
76.24949153
76.24644068
76.24338983
76.24033898
76.23728814
76.23423729
76.23118644
76.22813559
76.22508475
76.2220339
76.21898305
76.2159322
76.21288136
76.20983051
76.20677966
76.20372881
76.20067797
76.19762712
76.19457627
76.19152542
76.18847458
76.18542373
76.18237288
76.17932203
76.17627119
76.17322034
76.17016949
76.16711864
76.1640678
76.16101695
76.1579661
76.15491525
76.15186441
76.14881356
76.14576271
76.14271186
76.13966102
76.13661017
76.13355932
76.13050847
76.12745763
76.12440678
76.12135593
76.11830508
76.11525424
76.11220339
76.10915254
76.10610169
76.10305085
76.1
76.1
76.10610169
76.11220339
76.11830508
76.12440678
76.13050847
76.13661017
76.14271186
76.14881356
76.15491525
76.16101695
76.16711864
76.17322034
76.17932203
76.18542373
76.19152542
76.19762712
76.20372881
76.20983051
76.2159322
76.2220339
76.22813559
76.23423729
76.24033898
76.24644068
76.25254237
76.25864407
76.26474576
76.27084746
76.27694915
76.28305085
76.28915254
76.29525424
76.30135593
76.30745763
76.31355932
76.31966102
76.32576271
76.33186441
76.3379661
76.3440678
76.35016949
76.35627119
76.36237288
76.36847458
76.37457627
76.38067797
76.38677966
76.39288136
76.39898305
76.40508475
76.41118644
76.41728814
76.42338983
76.42949153
76.43559322
76.44169492
76.44779661
76.45389831
76.46
76.46
76.48440678
76.50881356
76.53322034
76.55762712
76.5820339
76.60644068
76.63084746
76.65525424
76.67966102
76.7040678
76.72847458
76.75288136
76.77728814
76.80169492
76.82610169
76.85050847
76.87491525
76.89932203
76.92372881
76.94813559
76.97254237
76.99694915
77.02135593
77.04576271
77.07016949
77.09457627
77.11898305
77.14338983
77.16779661
77.19220339
77.21661017
77.24101695
77.26542373
77.28983051
77.31423729
77.33864407
77.36305085
77.38745763
77.41186441
77.43627119
77.46067797
77.48508475
77.50949153
77.53389831
77.55830508
77.58271186
77.60711864
77.63152542
77.6559322
77.68033898
77.70474576
77.72915254
77.75355932
77.7779661
77.80237288
77.82677966
77.85118644
77.87559322
77.9
77.9
77.94576271
77.99152542
78.03728814
78.08305085
78.12881356
78.17457627
78.22033898
78.26610169
78.31186441
78.35762712
78.40338983
78.44915254
78.49491525
78.54067797
78.58644068
78.63220339
78.6779661
78.72372881
78.76949153
78.81525424
78.86101695
78.90677966
78.95254237
78.99830508
79.0440678
79.08983051
79.13559322
79.18135593
79.22711864
79.27288136
79.31864407
79.36440678
79.41016949
79.4559322
79.50169492
79.54745763
79.59322034
79.63898305
79.68474576
79.73050847
79.77627119
79.8220339
79.86779661
79.91355932
79.95932203
80.00508475
80.05084746
80.09661017
80.14237288
80.18813559
80.23389831
80.27966102
80.32542373
80.37118644
80.41694915
80.46271186
80.50847458
80.55423729
80.6
80.6
80.66711864
80.73423729
80.80135593
80.86847458
80.93559322
81.00271186
81.06983051
81.13694915
81.2040678
81.27118644
81.33830508
81.40542373
81.47254237
81.53966102
81.60677966
81.67389831
81.74101695
81.80813559
81.87525424
81.94237288
82.00949153
82.07661017
82.14372881
82.21084746
82.2779661
82.34508475
82.41220339
82.47932203
82.54644068
82.61355932
82.68067797
82.74779661
82.81491525
82.8820339
82.94915254
83.01627119
83.08338983
83.15050847
83.21762712
83.28474576
83.35186441
83.41898305
83.48610169
83.55322034
83.62033898
83.68745763
83.75457627
83.82169492
83.88881356
83.9559322
84.02305085
84.09016949
84.15728814
84.22440678
84.29152542
84.35864407
84.42576271
84.49288136
84.56
84.56
84.6179661
84.6759322
84.73389831
84.79186441
84.84983051
84.90779661
84.96576271
85.02372881
85.08169492
85.13966102
85.19762712
85.25559322
85.31355932
85.37152542
85.42949153
85.48745763
85.54542373
85.60338983
85.66135593
85.71932203
85.77728814
85.83525424
85.89322034
85.95118644
86.00915254
86.06711864
86.12508475
86.18305085
86.24101695
86.29898305
86.35694915
86.41491525
86.47288136
86.53084746
86.58881356
86.64677966
86.70474576
86.76271186
86.82067797
86.87864407
86.93661017
86.99457627
87.05254237
87.11050847
87.16847458
87.22644068
87.28440678
87.34237288
87.40033898
87.45830508
87.51627119
87.57423729
87.63220339
87.69016949
87.74813559
87.80610169
87.8640678
87.9220339
87.98
87.98
88.01966102
88.05932203
88.09898305
88.13864407
88.17830508
88.2179661
88.25762712
88.29728814
88.33694915
88.37661017
88.41627119
88.4559322
88.49559322
88.53525424
88.57491525
88.61457627
88.65423729
88.69389831
88.73355932
88.77322034
88.81288136
88.85254237
88.89220339
88.93186441
88.97152542
89.01118644
89.05084746
89.09050847
89.13016949
89.16983051
89.20949153
89.24915254
89.28881356
89.32847458
89.36813559
89.40779661
89.44745763
89.48711864
89.52677966
89.56644068
89.60610169
89.64576271
89.68542373
89.72508475
89.76474576
89.80440678
89.8440678
89.88372881
89.92338983
89.96305085
90.00271186
90.04237288
90.0820339
90.12169492
90.16135593
90.20101695
90.24067797
90.28033898
90.32
90.32
90.34745763
90.37491525
90.40237288
90.42983051
90.45728814
90.48474576
90.51220339
90.53966102
90.56711864
90.59457627
90.6220339
90.64949153
90.67694915
90.70440678
90.73186441
90.75932203
90.78677966
90.81423729
90.84169492
90.86915254
90.89661017
90.9240678
90.95152542
90.97898305
91.00644068
91.03389831
91.06135593
91.08881356
91.11627119
91.14372881
91.17118644
91.19864407
91.22610169
91.25355932
91.28101695
91.30847458
91.3359322
91.36338983
91.39084746
91.41830508
91.44576271
91.47322034
91.50067797
91.52813559
91.55559322
91.58305085
91.61050847
91.6379661
91.66542373
91.69288136
91.72033898
91.74779661
91.77525424
91.80271186
91.83016949
91.85762712
91.88508475
91.91254237
91.94
91.94
91.95830508
91.97661017
91.99491525
92.01322034
92.03152542
92.04983051
92.06813559
92.08644068
92.10474576
92.12305085
92.14135593
92.15966102
92.1779661
92.19627119
92.21457627
92.23288136
92.25118644
92.26949153
92.28779661
92.30610169
92.32440678
92.34271186
92.36101695
92.37932203
92.39762712
92.4159322
92.43423729
92.45254237
92.47084746
92.48915254
92.50745763
92.52576271
92.5440678
92.56237288
92.58067797
92.59898305
92.61728814
92.63559322
92.65389831
92.67220339
92.69050847
92.70881356
92.72711864
92.74542373
92.76372881
92.7820339
92.80033898
92.81864407
92.83694915
92.85525424
92.87355932
92.89186441
92.91016949
92.92847458
92.94677966
92.96508475
92.98338983
93.00169492
93.02
93.02
93.02915254
93.03830508
93.04745763
93.05661017
93.06576271
93.07491525
93.0840678
93.09322034
93.10237288
93.11152542
93.12067797
93.12983051
93.13898305
93.14813559
93.15728814
93.16644068
93.17559322
93.18474576
93.19389831
93.20305085
93.21220339
93.22135593
93.23050847
93.23966102
93.24881356
93.2579661
93.26711864
93.27627119
93.28542373
93.29457627
93.30372881
93.31288136
93.3220339
93.33118644
93.34033898
93.34949153
93.35864407
93.36779661
93.37694915
93.38610169
93.39525424
93.40440678
93.41355932
93.42271186
93.43186441
93.44101695
93.45016949
93.45932203
93.46847458
93.47762712
93.48677966
93.4959322
93.50508475
93.51423729
93.52338983
93.53254237
93.54169492
93.55084746
93.56
93.56
93.55084746
93.54169492
93.53254237
93.52338983
93.51423729
93.50508475
93.4959322
93.48677966
93.47762712
93.46847458
93.45932203
93.45016949
93.44101695
93.43186441
93.42271186
93.41355932
93.40440678
93.39525424
93.38610169
93.37694915
93.36779661
93.35864407
93.34949153
93.34033898
93.33118644
93.3220339
93.31288136
93.30372881
93.29457627
93.28542373
93.27627119
93.26711864
93.2579661
93.24881356
93.23966102
93.23050847
93.22135593
93.21220339
93.20305085
93.19389831
93.18474576
93.17559322
93.16644068
93.15728814
93.14813559
93.13898305
93.12983051
93.12067797
93.11152542
93.10237288
93.09322034
93.0840678
93.07491525
93.06576271
93.05661017
93.04745763
93.03830508
93.02915254
93.02
93.02
93.00169492
92.98338983
92.96508475
92.94677966
92.92847458
92.91016949
92.89186441
92.87355932
92.85525424
92.83694915
92.81864407
92.80033898
92.7820339
92.76372881
92.74542373
92.72711864
92.70881356
92.69050847
92.67220339
92.65389831
92.63559322
92.61728814
92.59898305
92.58067797
92.56237288
92.5440678
92.52576271
92.50745763
92.48915254
92.47084746
92.45254237
92.43423729
92.4159322
92.39762712
92.37932203
92.36101695
92.34271186
92.32440678
92.30610169
92.28779661
92.26949153
92.25118644
92.23288136
92.21457627
92.19627119
92.1779661
92.15966102
92.14135593
92.12305085
92.10474576
92.08644068
92.06813559
92.04983051
92.03152542
92.01322034
91.99491525
91.97661017
91.95830508
91.94
91.94
91.90644068
91.87288136
91.83932203
91.80576271
91.77220339
91.73864407
91.70508475
91.67152542
91.6379661
91.60440678
91.57084746
91.53728814
91.50372881
91.47016949
91.43661017
91.40305085
91.36949153
91.3359322
91.30237288
91.26881356
91.23525424
91.20169492
91.16813559
91.13457627
91.10101695
91.06745763
91.03389831
91.00033898
90.96677966
90.93322034
90.89966102
90.86610169
90.83254237
90.79898305
90.76542373
90.73186441
90.69830508
90.66474576
90.63118644
90.59762712
90.5640678
90.53050847
90.49694915
90.46338983
90.42983051
90.39627119
90.36271186
90.32915254
90.29559322
90.2620339
90.22847458
90.19491525
90.16135593
90.12779661
90.09423729
90.06067797
90.02711864
89.99355932
89.96
89.96
89.88067797
89.80135593
89.7220339
89.64271186
89.56338983
89.4840678
89.40474576
89.32542373
89.24610169
89.16677966
89.08745763
89.00813559
88.92881356
88.84949153
88.77016949
88.69084746
88.61152542
88.53220339
88.45288136
88.37355932
88.29423729
88.21491525
88.13559322
88.05627119
87.97694915
87.89762712
87.81830508
87.73898305
87.65966102
87.58033898
87.50101695
87.42169492
87.34237288
87.26305085
87.18372881
87.10440678
87.02508475
86.94576271
86.86644068
86.78711864
86.70779661
86.62847458
86.54915254
86.46983051
86.39050847
86.31118644
86.23186441
86.15254237
86.07322034
85.99389831
85.91457627
85.83525424
85.7559322
85.67661017
85.59728814
85.5179661
85.43864407
85.35932203
85.28
85.28
85.23728814
85.19457627
85.15186441
85.10915254
85.06644068
85.02372881
84.98101695
84.93830508
84.89559322
84.85288136
84.81016949
84.76745763
84.72474576
84.6820339
84.63932203
84.59661017
84.55389831
84.51118644
84.46847458
84.42576271
84.38305085
84.34033898
84.29762712
84.25491525
84.21220339
84.16949153
84.12677966
84.0840678
84.04135593
83.99864407
83.9559322
83.91322034
83.87050847
83.82779661
83.78508475
83.74237288
83.69966102
83.65694915
83.61423729
83.57152542
83.52881356
83.48610169
83.44338983
83.40067797
83.3579661
83.31525424
83.27254237
83.22983051
83.18711864
83.14440678
83.10169492
83.05898305
83.01627119
82.97355932
82.93084746
82.88813559
82.84542373
82.80271186
82.76
82.76
82.73559322
82.71118644
82.68677966
82.66237288
82.6379661
82.61355932
82.58915254
82.56474576
82.54033898
82.5159322
82.49152542
82.46711864
82.44271186
82.41830508
82.39389831
82.36949153
82.34508475
82.32067797
82.29627119
82.27186441
82.24745763
82.22305085
82.19864407
82.17423729
82.14983051
82.12542373
82.10101695
82.07661017
82.05220339
82.02779661
82.00338983
81.97898305
81.95457627
81.93016949
81.90576271
81.88135593
81.85694915
81.83254237
81.80813559
81.78372881
81.75932203
81.73491525
81.71050847
81.68610169
81.66169492
81.63728814
81.61288136
81.58847458
81.5640678
81.53966102
81.51525424
81.49084746
81.46644068
81.4420339
81.41762712
81.39322034
81.36881356
81.34440678
81.32
81.32
81.30169492
81.28338983
81.26508475
81.24677966
81.22847458
81.21016949
81.19186441
81.17355932
81.15525424
81.13694915
81.11864407
81.10033898
81.0820339
81.06372881
81.04542373
81.02711864
81.00881356
80.99050847
80.97220339
80.95389831
80.93559322
80.91728814
80.89898305
80.88067797
80.86237288
80.8440678
80.82576271
80.80745763
80.78915254
80.77084746
80.75254237
80.73423729
80.7159322
80.69762712
80.67932203
80.66101695
80.64271186
80.62440678
80.60610169
80.58779661
80.56949153
80.55118644
80.53288136
80.51457627
80.49627119
80.4779661
80.45966102
80.44135593
80.42305085
80.40474576
80.38644068
80.36813559
80.34983051
80.33152542
80.31322034
80.29491525
80.27661017
80.25830508
80.24
